example.txt: n=4193 mean=957.0 std=90.0
UnitCircleDMD variance-matching sweep (target std≈90.0):
d     rmax   r_used  sim_mean   sim_std   BIC         loglik
30    10     8       957.0      26.06     49637.8     -24818.9
30    20     8       957.0      26.06     49637.8     -24818.9
30    30     8       957.0      26.06     49637.8     -24818.9
50    10     10      956.5      77.66     49638.6     -24819.3
50    20     13      960.1      56.13     49640.8     -24820.4
50    30     13      960.1      56.13     49640.8     -24820.4
80    10     10      955.4      162.46    51630.7     -25815.4
80    20     20      957.0      132.24    50523.9     -25261.9
80    30     20      957.0      132.24    50523.9     -25261.9
120   10     10      958.7      155.16    51406.7     -25703.3
120   20     20      960.0      118.33    50242.0     -25121.0
120   30     29      944.0      84.94     49705.9     -24853.0

================================================================================
16265 window: n=4000 mean=617.7 std=85.8
UnitCircleDMD sweep on 16265 window:
d     rmax   r_used  sim_mean   sim_std   BIC         loglik
50    20     20      616.6      28.83     46967.6     -23483.8
50    30     30      619.7      15.17     46969.1     -23484.5
100   20     20      617.7      77.35     46989.1     -23494.5
100   30     30      620.7      82.5      48987.6     -24493.8
ExistingDMD on window: sim_mean=800.0 sim_std=80.43 BIC=53838.3 loglik=-26898.4

================================================================================
Out-of-sample forecast NRMSE (train 70%/test 30%) over (d,r), h=1 and h=5:
d     r     h=1       h=5
30    10    0.2539    0.8163
30    20    0.1918    0.7407
50    10    0.4593    0.9688
50    20    0.2353    0.7932
50    40    0.1882    0.7272
100   10    0.7339    1.0113
100   20    0.4374    0.9092
100   40    0.2226    0.7716
